=== DATA FILE SAVED WITH SN CRATE SOFTWARE VERSION: V1.12  == DATE OF RUN: UnixTime = 1488980811.182 date = 2017.3.8 time = 14h.46m.51s.182ms  ===
=== OTHER INFORMATIONS ===
=== DATA TYPE : RAW ===
=== DATA STRUCTURE INFO ===
=== HIT number(int)  = CALO = TRIGGER_ID  (int)===
=== SlotIndex (int) Ch (int) LTO_FLAG( 0 or 1) HT_FLAG (0 or 1 )EvtID (int) RawTDC (unsigned long long) TDC (double in ns) LT_TrigCount(int) LT_TimeCount(int) RawBaseline (signed short *16) Baseline (float in Volts) RawPeak (signed shor *8) Peak (float in Volts) PeakCell (unsigned short) RawCharge (int) Charge (float in pC) ChargeOverflow(int) RisingEdgeCell (int) RisingTimeOffset(int * 256) RisingEdgeTime (float in ns) FallingEdgeCell(int) FallingEdgeOffset (int *256) FallingEdgeTime ( float in ns) FCR (uint) ===
=== DataSamples[array of int16] ===
=== HIT number(int)  = TRACKER = TRIGGER_ID  (int)===
=== SlotIndex (int) FeastIndex (int) Channel (int) ChannelType ('AN or 'CA') RegisterType ('R0 (StartT0)', 'R1(1st HNT)', 'R2 (2nd HNT)', 'R3'(1st HPT) or 'R4' (2nd HPT)) RawTimeStamp (unsigned long long) ===
= HIT 0 = CALO = TRIG_ID 1 =
Slot 2 Ch 4 LTO 0 HT 0 EvtID 166 RawTDC 143840003 TDC 898999618.750000 TrigCount 7 Timecount 42217 RawBaseline 0 Baseline 0.000000 RawPeak -40 Peak -0.003050 RawCharge -316 Charge -0.001506 Overflow 0 RisingCell 922 RisingOffset 160 RisingTime 360.400391 FallingCell 916 FallingOffset 160 FallingTime 358.056641 FCR 384
2052 2050 2049 2047 2049 2047 2047 2049 2048 2050 2047 2046 2048 2047 2044 2048 2048 2048 2047 2047 2047 2048 2047 2047 2047 2050 2046 2047 2048 2047 2046 2050 2049 2046 2047 2047 2048 2048 2047 2047 2047 2051 2048 2047 2048 2048 2045 2049 2049 2048 2046 2049 2049 2048 2048 2048 2047 2049 2047 2049 2051 2047 2047 2049 2051 2047 2048 2049 2050 2048 2049 2048 2048 2050 2047 2046 2047 2049 2047 2049 2049 2046 2047 2049 2049 2047 2047 2050 2049 2050 2047 2048 2047 2044 2046 2048 2051 2048 2049 2047 2047 2046 2049 2046 2047 2049 2049 2047 2048 2047 2046 2046 2050 2048 2046 2049 2049 2048 2047 2050 2050 2050 2045 2046 2049 2050 2047 2051 2051 2045 2048 2049 2048 2045 2048 2048 2048 2049 2047 2047 2047 2047 2047 2050 2051 2048 2046 2048 2049 2049 2048 2048 2048 2049 2049 2047 2050 2047 2046 2050 2051 2049 2050 2049 2048 2048 2047 2047 2048 2050 2048 2048 2048 2047 2046 2050 2049 2048 2048 2048 2048 2047 2047 2050 2049 2051 2046 2047 2049 2047 2047 2050 2049 2050 2047 2048 2048 2047 2049 2048 2045 2048 2046 2046 2050 2046 2046 2047 2048 2049 2046 2046 2048 2048 2045 2047 2047 2049 2045 2045 2047 2046 2047 2047 2050 2048 2048 2049 2047 2049 2047 2049 2049 2047 2046 2048 2049 2047 2048 2047 2051 2048 2049 2047 2049 2049 2047 2048 2049 2050 2049 2047 2048 2045 2044 2046 2050 2049 2047 2047 2048 2048 2048 2048 2046 2047 2047 2046 2049 2045 2047 2050 2048 2048 2046 2048 2050 2050 2047 2046 2046 2049 2047 2048 2050 2049 2048 2050 2049 2045 2047 2047 2049 2048 2047 2047 2047 2051 2047 2044 2048 2047 2045 2049 2049 2047 2048 2048 2046 2049 2047 2046 2046 2049 2046 2046 2047 2047 2049 2048 2046 2048 2049 2047 2048 2045 2047 2045 2050 2049 2047 2046 2046 2047 2045 2048 2049 2046 2045 2047 2048 2047 2048 2046 2046 2047 2046 2046 2048 2046 2046 2048 2048 2045 2048 2047 2045 2048 2047 2045 2048 2048 2046 2047 2049 2047 2048 2048 2051 2049 2047 2046 2048 2048 2048 2048 2047 2049 2047 2045 2048 2047 2046 2049 2050 2048 2048 2046 2049 2048 2047 2048 2046 2049 2048 2048 2048 2047 2046 2051 2048 2048 2047 2047 2048 2047 2047 2048 2048 2050 2049 2049 2050 2048 2048 2049 2049 2047 2047 2048 2049 2049 2047 2046 2048 2049 2047 2046 2048 2046 2047 2049 2049 2049 2047 2047 2048 2048 2048 2048 2049 2049 2047 2044 2049 2046 2045 2046 2049 2048 2047 2049 2050 2049 2046 2049 2048 2049 2047 2046 2048 2046 2045 2049 2049 2048 2044 2047 2050 2047 2048 2050 2048 2047 2047 2048 2047 2046 2048 2051 2049 2044 2049 2049 2049 2047 2047 2046 2048 2048 2047 2047 2050 2047 2047 2047 2048 2050 2047 2046 2048 2048 2047 2046 2047 2051 2048 2046 2047 2046 2046 2049 2049 2046 2046 2048 2050 2048 2048 2048 2048 2048 2046 2045 2049 2045 2047 2046 2050 2048 2047 2048 2048 2049 2050 2048 2045 2048 2045 2046 2046 2046 2047 2049 2051 2049 2048 2047 2048 2046 2045 2047 2047 2050 2047 2048 2048 2046 2049 2049 2050 2048 2047 2050 2049 2049 2048 2048 2049 2047 2046 2047 2046 2046 2046 2050 2050 2046 2048 2048 2049 2046 2047 2047 2047 2049 2048 2047 2049 2048 2048 2050 2049 2048 2047 2048 2049 2047 2047 2048 2049 2051 2046 2046 2050 2048 2047 2048 2048 2049 2047 2049 2049 2048 2045 2045 2048 2050 2048 2048 2046 2047 2045 2050 2047 2046 2047 2047 2048 2047 2047 2048 2047 2048 2048 2047 2047 2047 2047 2049 2049 2047 2047 2049 2050 2046 2047 2046 2049 2050 2048 2046 2049 2049 2048 2048 2048 2050 2047 2046 2048 2047 2046 2049 2047 2047 2044 2046 2047 2047 2045 2047 2051 2049 2046 2047 2048 2049 2047 2049 2047 2049 2046 2046 2048 2048 2048 2049 2046 2048 2046 2048 2047 2047 2048 2047 2048 2051 2046 2045 2049 2048 2045 2049 2049 2049 2049 2046 2047 2047 2046 2047 2048 2047 2047 2047 2050 2047 2046 2048 2049 2047 2047 2047 2051 2049 2046 2047 2046 2050 2046 2045 2049 2047 2051 2050 2049 2046 2047 2047 2048 2049 2047 2049 2047 2049 2047 2046 2049 2047 2048 2049 2051 2050 2047 2048 2050 2048 2048 2049 2049 2050 2049 2050 2049 2047 2046 2050 2051 2048 2048 2048 2047 2049 2048 2045 2049 2048 2048 2047 2049 2047 2046 2049 2049 2045 2047 2047 2048 2048 2048 2048 2047 2048 2047 2045 2048 2046 2048 2047 2048 2048 2047 2047 2047 2048 2046 2048 2046 2049 2046 2046 2050 2048 2047 2049 2049 2048 2047 2046 2049 2048 2046 2047 2046 2048 2048 2046 2048 2046 2047 2050 2050 2048 2047 2046 2048 2047 2046 2049 2045 2049 2048 2045 2047 2048 2046 2050 2049 2048 2045 2046 2047 2048 2046 2047 2049 2051 2048 2048 2048 2044 2049 2050 2048 2046 2046 2049 2049 2050 2048 2047 2049 2050 2046 2047 2047 2045 2045 2047 2049 2048 2046 2048 2048 2046 2048 2048 2051 2048 2045 2046 2046 2047 2047 2049 2050 2048 2046 2047 2048 2047 2047 2046 2049 2049 2045 2047 2048 2047 2046 2048 2049 2047 2047 2048 2048 2046 2046 2046 2046 2046 2043 2049 2048 2050 2046 2048 2051 2048 2045 2046 2049 2048 2047 2047 2048 2047 2046 2045 2049 2048 2049 2049 2049 2049 2046 2049 2048 2046 2047 2048 2047 2049 2047 2046 2048 2045 2045 2048 2049 2049 2048 2048 2047 2047 2048 2048 2046 2049 2046 2048 2050 2047 2046 2048 2050 2048 2048 2049 2049 2048 2049 2048 2046 2048 2046 2045 2047 2045 2046 2051 2052 2048 2047 2048 2047 2046 2048 2047 2049 2050 2047 2048 2046 2048 2049 2052 2050 2047 2048 2048 2049 2048 2050 2048 2048 2048 2045 2046 2049 2046 2049 2049
= HIT 1 = CALO = TRIG_ID 1 =
Slot 2 Ch 5 LTO 0 HT 1 EvtID 166 RawTDC 143840003 TDC 898999618.750000 TrigCount 9 Timecount 42217 RawBaseline 10 Baseline 0.000381 RawPeak -901 Peak -0.068701 RawCharge -8135 Charge -0.038768 Overflow 0 RisingCell 631 RisingOffset 158 RisingTime 246.725464 FallingCell 567 FallingOffset 151 FallingTime 221.714783 FCR 384
